<?xml version="1.0" encoding="utf-8"?>
<COLLADA xmlns="http://www.collada.org/2005/11/COLLADASchema" version="1.4.1">
  <asset>
    <contributor>
      <author/>
      <authoring_tool>FBX COLLADA exporter</authoring_tool>
      <comments/>
    </contributor>
    <created>2020-10-13T01:18:46Z</created>
    <keywords/>
    <modified>2020-10-13T01:18:46Z</modified>
    <revision/>
    <subject/>
    <title/>
    <unit meter="0.010000" name="centimeter"/>
    <up_axis>Y_UP</up_axis>
  </asset>
  <library_materials>
    <material id="Lock_Steel" name="Lock_Steel">
      <instance_effect url="#Lock_Steel-fx"/>
    </material>
  </library_materials>
  <library_effects>
    <effect id="Lock_Steel-fx" name="Lock_Steel">
      <profile_COMMON>
        <technique sid="standard">
          <phong>
            <emission>
              <color sid="emission">0.000000  0.000000 0.000000 1.000000</color>
            </emission>
            <ambient>
              <color sid="ambient">0.000000  0.000000 0.000000 1.000000</color>
            </ambient>
            <diffuse>
              <color sid="diffuse">0.143290  0.163200 0.143290 1.000000</color>
            </diffuse>
            <specular>
              <color sid="specular">0.500000  0.500000 0.500000 1.000000</color>
            </specular>
            <shininess>
              <float sid="shininess">6.311791</float>
            </shininess>
            <reflective>
              <color sid="reflective">0.000000  0.000000 0.000000 1.000000</color>
            </reflective>
            <reflectivity>
              <float sid="reflectivity">0.500000</float>
            </reflectivity>
            <transparent opaque="RGB_ZERO">
              <color sid="transparent">0.000000  0.000000 0.000000 1.000000</color>
            </transparent>
            <transparency>
              <float sid="transparency">1.000000</float>
            </transparency>
          </phong>
        </technique>
      </profile_COMMON>
    </effect>
  </library_effects>
  <library_geometries>
    <geometry id="polySurface2-lib" name="polySurface2Mesh">
      <mesh>
        <source id="polySurface2-POSITION">
          <float_array id="polySurface2-POSITION-array" count="48">
5.795578 3.455588 0.515725
7.058370 3.455588 0.515725
5.849743 3.565610 0.515725
7.004206 3.565610 0.515725
5.795578 8.182642 0.515725
5.849743 8.107240 0.515725
7.004206 8.107240 0.515725
7.058370 8.182642 0.515725
5.795578 8.182642 -0.868114
7.058370 8.182642 -0.868114
5.795578 3.455588 -0.868114
7.058370 3.455588 -0.868114
5.849743 3.565610 -0.785854
7.004206 3.565610 -0.785854
7.004206 8.107240 -0.785854
5.849743 8.107240 -0.785854
</float_array>
          <technique_common>
            <accessor source="#polySurface2-POSITION-array" count="16" stride="3">
              <param name="X" type="float"/>
              <param name="Y" type="float"/>
              <param name="Z" type="float"/>
            </accessor>
          </technique_common>
        </source>
        <source id="polySurface2-Normal0">
          <float_array id="polySurface2-Normal0-array" count="252">
0.000000 0.000000 1.000000
0.000000 0.000000 1.000000
0.000000 0.000000 1.000000
0.000000 0.000000 1.000000
0.000000 0.000000 1.000000
0.000000 0.000000 1.000000
0.000000 0.000000 1.000000
0.000000 0.000000 1.000000
0.000000 0.000000 1.000000
0.000000 0.000000 1.000000
0.000000 0.000000 1.000000
0.000000 0.000000 1.000000
0.000000 0.000000 1.000000
0.000000 0.000000 1.000000
0.000000 0.000000 1.000000
0.000000 0.000000 1.000000
0.000000 0.000000 1.000000
0.000000 0.000000 1.000000
0.000000 0.000000 1.000000
0.000000 0.000000 1.000000
0.000000 0.000000 1.000000
0.000000 0.000000 1.000000
0.000000 0.000000 1.000000
0.000000 0.000000 1.000000
0.000000 0.000000 1.000000
0.000000 0.000000 1.000000
0.000000 0.000000 1.000000
0.000000 0.000000 1.000000
0.000000 0.000000 1.000000
0.000000 0.000000 1.000000
0.000000 1.000000 0.000000
0.000000 1.000000 0.000000
0.000000 1.000000 0.000000
0.000000 1.000000 0.000000
0.000000 1.000000 0.000000
0.000000 1.000000 0.000000
0.000000 0.000000 -1.000000
0.000000 0.000000 -1.000000
0.000000 0.000000 -1.000000
0.000000 0.000000 -1.000000
0.000000 0.000000 -1.000000
0.000000 0.000000 -1.000000
0.000000 -1.000000 0.000000
0.000000 -1.000000 0.000000
0.000000 -1.000000 0.000000
0.000000 -1.000000 0.000000
0.000000 -1.000000 0.000000
0.000000 -1.000000 0.000000
1.000000 0.000000 0.000000
1.000000 0.000000 0.000000
1.000000 0.000000 0.000000
1.000000 0.000000 0.000000
1.000000 0.000000 0.000000
1.000000 0.000000 0.000000
-1.000000 0.000000 0.000000
-1.000000 0.000000 0.000000
-1.000000 0.000000 0.000000
-1.000000 0.000000 0.000000
-1.000000 0.000000 0.000000
-1.000000 0.000000 0.000000
0.000000 1.000000 0.000000
0.000000 1.000000 0.000000
0.000000 1.000000 0.000000
0.000000 1.000000 0.000000
0.000000 1.000000 0.000000
0.000000 1.000000 0.000000
-1.000000 0.000000 0.000000
-1.000000 0.000000 0.000000
-1.000000 0.000000 0.000000
-1.000000 0.000000 0.000000
-1.000000 0.000000 0.000000
-1.000000 0.000000 0.000000
0.000000 -1.000000 0.000000
0.000000 -1.000000 0.000000
0.000000 -1.000000 0.000000
0.000000 -1.000000 0.000000
0.000000 -1.000000 0.000000
0.000000 -1.000000 0.000000
1.000000 0.000000 0.000000
1.000000 0.000000 0.000000
1.000000 0.000000 0.000000
1.000000 0.000000 0.000000
1.000000 0.000000 0.000000
1.000000 0.000000 0.000000
</float_array>
          <technique_common>
            <accessor source="#polySurface2-Normal0-array" count="84" stride="3">
              <param name="X" type="float"/>
              <param name="Y" type="float"/>
              <param name="Z" type="float"/>
            </accessor>
          </technique_common>
        </source>
        <source id="polySurface2-UV0">
          <float_array id="polySurface2-UV0-array" count="80">
0.485796 0.008697
0.388364 0.008697
0.392544 0.017392
0.481617 0.017392
0.481617 0.376351
0.485796 0.382310
0.273892 0.403458
0.367938 0.403015
0.369680 0.772992
0.275634 0.773435
0.388364 0.382310
0.392544 0.376351
0.265651 0.890703
0.265651 0.990510
0.378889 0.990510
0.378889 0.890703
0.255530 0.387612
0.158099 0.387612
0.158099 0.013998
0.255530 0.013998
0.379987 0.178711
0.379987 0.278519
0.266749 0.278519
0.266749 0.178711
0.482646 0.400050
0.599137 0.400050
0.599137 0.773664
0.482646 0.773664
0.158598 0.402247
0.042107 0.402247
0.042107 0.775861
0.158598 0.775861
0.273392 0.297427
0.367439 0.296984
0.473969 0.402516
0.475712 0.772492
0.370180 0.879023
0.276133 0.879466
0.169603 0.773934
0.167860 0.403958
</float_array>
          <technique_common>
            <accessor source="#polySurface2-UV0-array" count="40" stride="2">
              <param name="S" type="float"/>
              <param name="T" type="float"/>
            </accessor>
          </technique_common>
        </source>
        <vertices id="polySurface2-VERTEX">
          <input semantic="POSITION" source="#polySurface2-POSITION"/>
        </vertices>
        <triangles count="28" material="Lock_Steel">
          <input semantic="VERTEX" offset="0" source="#polySurface2-VERTEX"/>
          <input semantic="NORMAL" offset="1" source="#polySurface2-Normal0"/>
          <input semantic="TEXCOORD" offset="2" set="0" source="#polySurface2-UV0"/>
          <p> 1 0 1 2 1 3 0 2 0 2 3 3 1 4 1 3 5 2 4 6 5 2 7 3 5 8 4 2 9 3 4 10 5 0 11 0 15 12 9 12 13 6 14 14 8 14 15 8 12 16 6 13 17 7 1 18 1 7 19 10 3 20 2 3 21 2 7 22 10 6 23 11 7 24 10 4 25 5 5 26 4 7 27 10 5 28 4 6 29 11 7 30 13 9 31 14 4 32 12 4 33 12 9 34 14 8 35 15 10 36 19 8 37 16 11 38 18 11 39 18 8 40 16 9 41 17 1 42 22 0 43 23 10 44 20 1 45 22 10 46 20 11 47 21 11 48 25 9 49 26 1 50 24 7 51 27 1 52 24 9 53 26 4 54 30 10 55 28 0 56 29 10 57 28 4 58 30 8 59 31 3 60 33 13 61 7 2 62 32 2 63 32 13 64 7 12 65 6 3 66 34 6 67 35 14 68 8 3 69 34 14 70 8 13 71 7 15 72 9 6 73 36 5 74 37 6 75 36 15 76 9 14 77 8 5 78 38 2 79 39 12 80 6 5 81 38 12 82 6 15 83 9</p>
        </triangles>
      </mesh>
    </geometry>
  </library_geometries>
  <library_animations>
    <animation id="pCube21-anim" name="pCube21">
      <animation>
        <source id="pCube21-Matrix-animation-input">
          <float_array id="pCube21-Matrix-animation-input-array" count="85">

0.033333 0.066667 0.100000 0.133333 0.166667 0.200000 0.233333 0.266667 0.300000 0.333333 0.366667 0.400000 0.433333 0.466667 0.500000 0.533333
0.566667 0.600000 0.633333 0.666667 0.700000 0.733333 0.766667 0.800000 0.833333 0.866667 0.900000 0.933333 0.966667 1.000000 1.033333 1.066667
1.100000 1.133333 1.166667 1.200000 1.233333 1.266667 1.300000 1.333333 1.366667 1.400000 1.433333 1.466667 1.500000 1.533333 1.566667 1.600000
1.633333 1.666667 1.700000 1.733333 1.766667 1.800000 1.833333 1.866667 1.900000 1.933333 1.966667 2.000000 2.033333 2.066667 2.100000 2.133333
2.166667 2.200000 2.233333 2.266667 2.300000 2.333333 2.366667 2.400000 2.433333 2.466667 2.500000 2.533333 2.566667 2.600000 2.633333 2.666667
2.700000 2.733333 2.766667 2.800000 2.833333</float_array>
          <technique_common>
            <accessor source="#pCube21-Matrix-animation-input-array" count="85">
              <param name="TIME" type="float"/>
            </accessor>
          </technique_common>
        </source>
        <source id="pCube21-Matrix-animation-output-transform">
          <float_array id="pCube21-Matrix-animation-output-transform-array" count="1360">

-1.500000 0.000000 0.000000 9.646435 0.000000 1.500000 0.000000 -5.230744 -0.000000 0.000000 -1.500000 3.088961 0.000000 0.000000 0.000000 1.000000
-1.500000 0.000000 0.000000 9.646435 0.000000 1.500000 0.000000 -5.230744 -0.000000 0.000000 -1.500000 3.088961 0.000000 0.000000 0.000000 1.000000
-1.500000 0.000000 0.000000 9.646435 0.000000 1.500000 0.000000 -5.230744 -0.000000 0.000000 -1.500000 3.088961 0.000000 0.000000 0.000000 1.000000
-1.500000 0.000000 0.000000 9.646435 0.000000 1.500000 0.000000 -5.230744 -0.000000 0.000000 -1.500000 3.088961 0.000000 0.000000 0.000000 1.000000
-1.500000 0.000000 0.000000 9.646435 0.000000 1.500000 0.000000 -5.230744 -0.000000 0.000000 -1.500000 3.088961 0.000000 0.000000 0.000000 1.000000
-1.500000 0.000000 0.000000 9.646435 0.000000 1.500000 0.000000 -5.230744 -0.000000 0.000000 -1.500000 3.088961 0.000000 0.000000 0.000000 1.000000
-1.500000 0.000000 0.000000 9.646435 0.000000 1.500000 0.000000 -5.230744 -0.000000 0.000000 -1.500000 3.088961 0.000000 0.000000 0.000000 1.000000
-1.500000 0.000000 0.000000 9.646435 0.000000 1.500000 0.000000 -5.230744 -0.000000 0.000000 -1.500000 3.088961 0.000000 0.000000 0.000000 1.000000
-1.500000 0.000000 0.000000 9.646435 0.000000 1.500000 0.000000 -5.230744 -0.000000 0.000000 -1.500000 3.088961 0.000000 0.000000 0.000000 1.000000
-1.500000 0.000000 0.000000 9.646435 0.000000 1.500000 0.000000 -5.230744 -0.000000 0.000000 -1.500000 3.088961 0.000000 0.000000 0.000000 1.000000
-1.500000 0.000000 0.000000 9.646435 0.000000 1.500000 0.000000 -5.230744 -0.000000 0.000000 -1.500000 3.088961 0.000000 0.000000 0.000000 1.000000
-1.500000 0.000000 0.000000 9.646435 0.000000 1.500000 0.000000 -5.230744 -0.000000 0.000000 -1.500000 3.088961 0.000000 0.000000 0.000000 1.000000
-1.500000 0.000000 0.000000 9.646435 0.000000 1.500000 0.000000 -5.230744 -0.000000 0.000000 -1.500000 3.088961 0.000000 0.000000 0.000000 1.000000
-1.500000 0.000000 0.000000 9.646435 0.000000 1.500000 0.000000 -5.230744 -0.000000 0.000000 -1.500000 3.088961 0.000000 0.000000 0.000000 1.000000
-1.500000 0.000000 0.000000 9.646435 0.000000 1.500000 0.000000 -5.230744 -0.000000 0.000000 -1.500000 3.088961 0.000000 0.000000 0.000000 1.000000
-1.500000 0.000000 0.000000 9.646435 0.000000 1.500000 0.000000 -5.230744 -0.000000 0.000000 -1.500000 3.088961 0.000000 0.000000 0.000000 1.000000
-1.500000 0.000000 0.000000 9.646435 0.000000 1.500000 0.000000 -5.230744 -0.000000 0.000000 -1.500000 3.088961 0.000000 0.000000 0.000000 1.000000
-1.500000 0.000000 0.000000 9.646435 0.000000 1.500000 0.000000 -5.230744 -0.000000 0.000000 -1.500000 3.088961 0.000000 0.000000 0.000000 1.000000
-1.500000 0.000000 0.000000 9.646435 0.000000 1.500000 0.000000 -5.230744 -0.000000 0.000000 -1.500000 3.088961 0.000000 0.000000 0.000000 1.000000
-1.500000 0.000000 0.000000 9.646435 0.000000 1.500000 0.000000 -5.230744 -0.000000 0.000000 -1.500000 3.088961 0.000000 0.000000 0.000000 1.000000
-1.500000 0.000000 0.000000 9.646435 0.000000 1.500000 0.000000 -5.230744 -0.000000 0.000000 -1.500000 3.088961 0.000000 0.000000 0.000000 1.000000
-1.500000 0.000000 0.000000 9.646435 0.000000 1.500000 0.000000 -5.230744 -0.000000 0.000000 -1.500000 3.088961 0.000000 0.000000 0.000000 1.000000
-1.500000 0.000000 0.000000 9.646435 0.000000 1.500000 0.000000 -5.230744 -0.000000 0.000000 -1.500000 3.088961 0.000000 0.000000 0.000000 1.000000
-1.500000 0.000000 0.000000 9.646435 0.000000 1.500000 0.000000 -5.230744 -0.000000 0.000000 -1.500000 3.088961 0.000000 0.000000 0.000000 1.000000
-1.500000 0.000000 0.000000 9.646435 0.000000 1.500000 0.000000 -5.230744 -0.000000 0.000000 -1.500000 3.088961 0.000000 0.000000 0.000000 1.000000
-1.500000 0.000000 0.000000 9.646435 0.000000 1.500000 0.000000 -5.230744 -0.000000 0.000000 -1.500000 3.088961 0.000000 0.000000 0.000000 1.000000
-1.500000 0.000000 0.000000 9.646435 0.000000 1.500000 0.000000 -5.230744 -0.000000 0.000000 -1.500000 3.088961 0.000000 0.000000 0.000000 1.000000
-1.500000 0.000000 0.000000 9.646435 0.000000 1.500000 0.000000 -5.230744 -0.000000 0.000000 -1.500000 3.088961 0.000000 0.000000 0.000000 1.000000
-1.500000 0.000000 0.000000 9.646435 0.000000 1.500000 0.000000 -5.230744 -0.000000 0.000000 -1.500000 3.088961 0.000000 0.000000 0.000000 1.000000
-1.500000 0.000000 0.000000 9.646435 0.000000 1.500000 0.000000 -5.230744 -0.000000 0.000000 -1.500000 3.088961 0.000000 0.000000 0.000000 1.000000
-1.500000 0.000000 0.000000 9.646435 0.000000 1.500000 0.000000 -5.230744 -0.000000 0.000000 -1.500000 3.088961 0.000000 0.000000 0.000000 1.000000
-1.500000 0.000000 0.000000 9.646435 0.000000 1.500000 0.000000 -5.230744 -0.000000 0.000000 -1.500000 3.088961 0.000000 0.000000 0.000000 1.000000
-1.500000 0.000000 0.000000 9.646435 0.000000 1.500000 0.000000 -5.230744 -0.000000 0.000000 -1.500000 3.088961 0.000000 0.000000 0.000000 1.000000
-1.500000 0.000000 0.000000 9.646435 0.000000 1.500000 0.000000 -5.230744 -0.000000 0.000000 -1.500000 3.088961 0.000000 0.000000 0.000000 1.000000
-1.500000 0.000000 0.000000 9.646435 0.000000 1.500000 0.000000 -5.230744 -0.000000 0.000000 -1.500000 3.088961 0.000000 0.000000 0.000000 1.000000
-1.500000 0.000000 0.000000 9.646435 0.000000 1.500000 0.000000 -5.230744 -0.000000 0.000000 -1.500000 3.088961 0.000000 0.000000 0.000000 1.000000
-1.500000 0.000000 0.000000 9.646435 0.000000 1.500000 0.000000 -5.230744 -0.000000 0.000000 -1.500000 3.088961 0.000000 0.000000 0.000000 1.000000
-1.500000 0.000000 0.000000 9.646435 0.000000 1.500000 0.000000 -5.230744 -0.000000 0.000000 -1.500000 3.088961 0.000000 0.000000 0.000000 1.000000
-1.500000 0.000000 0.000000 9.646435 0.000000 1.500000 0.000000 -5.230744 -0.000000 0.000000 -1.500000 3.088961 0.000000 0.000000 0.000000 1.000000
-1.500000 0.000000 0.000000 9.646435 0.000000 1.500000 0.000000 -5.230744 -0.000000 0.000000 -1.500000 3.088961 0.000000 0.000000 0.000000 1.000000
-1.500000 0.000000 0.000000 9.646435 0.000000 1.500000 0.000000 -5.230744 -0.000000 0.000000 -1.500000 3.088961 0.000000 0.000000 0.000000 1.000000
-1.500000 0.000000 0.000000 9.646435 0.000000 1.500000 0.000000 -5.230744 -0.000000 0.000000 -1.500000 3.088961 0.000000 0.000000 0.000000 1.000000
-1.500000 0.000000 0.000000 9.646435 0.000000 1.500000 0.000000 -5.230744 -0.000000 0.000000 -1.500000 3.088961 0.000000 0.000000 0.000000 1.000000
-1.500000 0.000000 0.000000 9.646435 0.000000 1.500000 0.000000 -5.230744 -0.000000 0.000000 -1.500000 3.088961 0.000000 0.000000 0.000000 1.000000
-1.500000 0.000000 0.000000 9.646435 0.000000 1.500000 0.000000 -5.230744 -0.000000 0.000000 -1.500000 3.088961 0.000000 0.000000 0.000000 1.000000
-1.500000 0.000000 0.000000 9.646435 0.000000 1.500000 0.000000 -5.230744 -0.000000 0.000000 -1.500000 3.088961 0.000000 0.000000 0.000000 1.000000
-1.500000 0.000000 0.000000 9.646435 0.000000 1.500000 0.000000 -5.230744 -0.000000 0.000000 -1.500000 3.088961 0.000000 0.000000 0.000000 1.000000
-1.500000 0.000000 0.000000 9.646435 0.000000 1.500000 0.000000 -5.230744 -0.000000 0.000000 -1.500000 3.088961 0.000000 0.000000 0.000000 1.000000
-1.500000 0.000000 0.000000 9.646435 0.000000 1.500000 0.000000 -5.230744 -0.000000 0.000000 -1.500000 3.088961 0.000000 0.000000 0.000000 1.000000
-1.500000 0.000000 0.000000 9.646435 0.000000 1.500000 0.000000 -5.230744 -0.000000 0.000000 -1.500000 3.088961 0.000000 0.000000 0.000000 1.000000
-1.500000 0.000000 0.000000 9.646435 0.000000 1.500000 0.000000 -5.230744 -0.000000 0.000000 -1.500000 3.088961 0.000000 0.000000 0.000000 1.000000
-1.500000 0.000000 0.000000 9.646435 0.000000 1.500000 0.000000 -5.230744 -0.000000 0.000000 -1.500000 3.088961 0.000000 0.000000 0.000000 1.000000
-1.500000 0.000000 0.000000 9.646435 0.000000 1.500000 0.000000 -5.230744 -0.000000 0.000000 -1.500000 3.088961 0.000000 0.000000 0.000000 1.000000
-1.500000 0.000000 0.000000 9.646435 0.000000 1.500000 0.000000 -5.230744 -0.000000 0.000000 -1.500000 3.088961 0.000000 0.000000 0.000000 1.000000
-1.500000 0.000000 0.000000 9.646435 0.000000 1.500000 0.000000 -5.230744 -0.000000 0.000000 -1.500000 3.088961 0.000000 0.000000 0.000000 1.000000
-1.500000 0.000000 0.000000 9.646435 0.000000 1.500000 0.000000 -5.230744 -0.000000 0.000000 -1.500000 3.088961 0.000000 0.000000 0.000000 1.000000
-1.500000 0.000000 0.000000 9.646435 0.000000 1.500000 0.000000 -5.230744 -0.000000 0.000000 -1.500000 3.088961 0.000000 0.000000 0.000000 1.000000
-1.500000 0.000000 0.000000 9.646435 0.000000 1.500000 0.000000 -5.230744 -0.000000 0.000000 -1.500000 3.088961 0.000000 0.000000 0.000000 1.000000
-1.500000 0.000000 0.000000 9.646435 0.000000 1.500000 0.000000 -5.230744 -0.000000 0.000000 -1.500000 3.088961 0.000000 0.000000 0.000000 1.000000
-1.500000 0.000000 0.000000 9.646435 0.000000 1.500000 0.000000 -5.230744 -0.000000 0.000000 -1.500000 3.088961 0.000000 0.000000 0.000000 1.000000
-1.500000 0.000000 0.000000 9.646435 0.000000 1.500000 0.000000 -5.230744 -0.000000 0.000000 -1.500000 3.088961 0.000000 0.000000 0.000000 1.000000
-1.500000 0.000000 0.000000 9.646435 0.000000 1.500000 0.000000 -5.230744 -0.000000 0.000000 -1.500000 3.088961 0.000000 0.000000 0.000000 1.000000
-1.500000 0.000000 0.000000 9.646435 0.000000 1.500000 0.000000 -5.230744 -0.000000 0.000000 -1.500000 3.088961 0.000000 0.000000 0.000000 1.000000
-1.500000 0.000000 0.000000 9.646435 0.000000 1.500000 0.000000 -5.230744 -0.000000 0.000000 -1.500000 3.088961 0.000000 0.000000 0.000000 1.000000
-1.500000 0.000000 0.000000 9.646435 0.000000 1.500000 0.000000 -5.230744 -0.000000 0.000000 -1.500000 3.088961 0.000000 0.000000 0.000000 1.000000
-1.500000 0.000000 0.000000 9.646435 0.000000 1.500000 0.000000 -5.230744 -0.000000 0.000000 -1.500000 3.088961 0.000000 0.000000 0.000000 1.000000
-1.500000 0.000000 0.000000 9.646435 0.000000 1.500000 0.000000 -5.230744 -0.000000 0.000000 -1.500000 3.088961 0.000000 0.000000 0.000000 1.000000
-1.500000 0.000000 0.000000 9.646435 0.000000 1.500000 0.000000 -5.230744 -0.000000 0.000000 -1.500000 3.088961 0.000000 0.000000 0.000000 1.000000
-1.500000 0.000000 0.000000 9.646435 0.000000 1.500000 0.000000 -5.230744 -0.000000 0.000000 -1.500000 3.088961 0.000000 0.000000 0.000000 1.000000
-1.500000 0.000000 0.000000 9.646435 0.000000 1.500000 0.000000 -5.230744 -0.000000 0.000000 -1.500000 3.088961 0.000000 0.000000 0.000000 1.000000
-1.500000 0.000000 0.000000 9.646435 0.000000 1.500000 0.000000 -5.230744 -0.000000 0.000000 -1.500000 3.088961 0.000000 0.000000 0.000000 1.000000
-1.500000 0.000000 0.000000 9.646435 0.000000 1.500000 0.000000 -5.230744 -0.000000 0.000000 -1.500000 3.088961 0.000000 0.000000 0.000000 1.000000
-1.500000 0.000000 0.000000 9.646435 0.000000 1.500000 0.000000 -5.230744 -0.000000 0.000000 -1.500000 3.088961 0.000000 0.000000 0.000000 1.000000
-1.500000 0.000000 0.000000 9.646435 0.000000 1.500000 0.000000 -5.230744 -0.000000 0.000000 -1.500000 3.088961 0.000000 0.000000 0.000000 1.000000
-1.500000 0.000000 0.000000 9.646435 0.000000 1.500000 0.000000 -5.230744 -0.000000 0.000000 -1.500000 3.088961 0.000000 0.000000 0.000000 1.000000
-1.500000 0.000000 0.000000 9.646435 0.000000 1.500000 0.000000 -5.230744 -0.000000 0.000000 -1.500000 3.088961 0.000000 0.000000 0.000000 1.000000
-1.500000 0.000000 0.000000 9.646435 0.000000 1.500000 0.000000 -5.230744 -0.000000 0.000000 -1.500000 3.088961 0.000000 0.000000 0.000000 1.000000
-1.500000 0.000000 0.000000 9.646435 0.000000 1.500000 0.000000 -5.230744 -0.000000 0.000000 -1.500000 3.088961 0.000000 0.000000 0.000000 1.000000
-1.500000 0.000000 0.000000 9.646435 0.000000 1.500000 0.000000 -5.230744 -0.000000 0.000000 -1.500000 3.088961 0.000000 0.000000 0.000000 1.000000
-1.500000 0.000000 0.000000 9.646435 0.000000 1.500000 0.000000 -5.230744 -0.000000 0.000000 -1.500000 3.088961 0.000000 0.000000 0.000000 1.000000
-1.500000 0.000000 0.000000 9.646435 0.000000 1.500000 0.000000 -5.230744 -0.000000 0.000000 -1.500000 3.088961 0.000000 0.000000 0.000000 1.000000
-1.500000 0.000000 0.000000 9.646435 0.000000 1.500000 0.000000 -5.230744 -0.000000 0.000000 -1.500000 3.088961 0.000000 0.000000 0.000000 1.000000
-1.500000 0.000000 0.000000 9.646435 0.000000 1.500000 0.000000 -5.230744 -0.000000 0.000000 -1.500000 3.088961 0.000000 0.000000 0.000000 1.000000
-1.500000 0.000000 0.000000 9.646435 0.000000 1.500000 0.000000 -5.230744 -0.000000 0.000000 -1.500000 3.088961 0.000000 0.000000 0.000000 1.000000
-1.500000 0.000000 0.000000 9.646435 0.000000 1.500000 0.000000 -5.230744 -0.000000 0.000000 -1.500000 3.088961 0.000000 0.000000 0.000000 1.000000</float_array>
          <technique_common>
            <accessor source="#pCube21-Matrix-animation-output-transform-array" count="85" stride="16">
              <param type="float4x4"/>
            </accessor>
          </technique_common>
        </source>
        <source id="pCube21-Interpolations">
          <Name_array id="pCube21-Interpolations-array" count="85">
 LINEAR LINEAR LINEAR LINEAR LINEAR LINEAR LINEAR LINEAR LINEAR LINEAR LINEAR
LINEAR LINEAR LINEAR LINEAR LINEAR LINEAR LINEAR LINEAR LINEAR LINEAR LINEAR LINEAR
LINEAR LINEAR LINEAR LINEAR LINEAR LINEAR LINEAR LINEAR LINEAR LINEAR LINEAR LINEAR
LINEAR LINEAR LINEAR LINEAR LINEAR LINEAR LINEAR LINEAR LINEAR LINEAR LINEAR LINEAR
LINEAR LINEAR LINEAR LINEAR LINEAR LINEAR LINEAR LINEAR LINEAR LINEAR LINEAR LINEAR
LINEAR LINEAR LINEAR LINEAR LINEAR LINEAR LINEAR LINEAR LINEAR LINEAR LINEAR LINEAR
LINEAR LINEAR LINEAR LINEAR LINEAR LINEAR LINEAR LINEAR LINEAR LINEAR LINEAR LINEAR
LINEAR LINEAR</Name_array>
          <technique_common>
            <accessor source="#pCube21-Interpolations-array" count="85">
              <param type="name"/>
            </accessor>
          </technique_common>
        </source>
        <sampler id="pCube21-Matrix-animation-transform">
          <input semantic="INPUT" source="#pCube21-Matrix-animation-input"/>
          <input semantic="OUTPUT" source="#pCube21-Matrix-animation-output-transform"/>
          <input semantic="INTERPOLATION" source="#pCube21-Interpolations"/>
        </sampler>
        <channel source="#pCube21-Matrix-animation-transform" target="pCube21/matrix"/>
      </animation>
      <animation>
        <source id="pCube21-visibility-animation-input">
          <float_array id="pCube21-visibility-animation-input-array" count="85">

0.033333 0.066667 0.100000 0.133333 0.166667 0.200000 0.233333 0.266667 0.300000 0.333333 0.366667 0.400000 0.433333 0.466667 0.500000 0.533333
0.566667 0.600000 0.633333 0.666667 0.700000 0.733333 0.766667 0.800000 0.833333 0.866667 0.900000 0.933333 0.966667 1.000000 1.033333 1.066667
1.100000 1.133333 1.166667 1.200000 1.233333 1.266667 1.300000 1.333333 1.366667 1.400000 1.433333 1.466667 1.500000 1.533333 1.566667 1.600000
1.633333 1.666667 1.700000 1.733333 1.766667 1.800000 1.833333 1.866667 1.900000 1.933333 1.966667 2.000000 2.033333 2.066667 2.100000 2.133333
2.166667 2.200000 2.233333 2.266667 2.300000 2.333333 2.366667 2.400000 2.433333 2.466667 2.500000 2.533333 2.566667 2.600000 2.633333 2.666667
2.700000 2.733333 2.766667 2.800000 2.833333</float_array>
          <technique_common>
            <accessor source="#pCube21-visibility-animation-input-array" count="85">
              <param name="TIME" type="float"/>
            </accessor>
          </technique_common>
        </source>
        <source id="pCube21-visibility-animation-output">
          <float_array id="pCube21-visibility-animation-output-array" count="85">

1.000000 1.000000 1.000000 1.000000 1.000000 1.000000 1.000000 1.000000 1.000000 1.000000 1.000000 1.000000 1.000000 1.000000 1.000000 1.000000
1.000000 1.000000 1.000000 1.000000 1.000000 1.000000 1.000000 1.000000 1.000000 1.000000 1.000000 1.000000 1.000000 1.000000 1.000000 1.000000
1.000000 1.000000 1.000000 1.000000 1.000000 1.000000 1.000000 1.000000 1.000000 1.000000 1.000000 1.000000 1.000000 1.000000 1.000000 1.000000
1.000000 1.000000 1.000000 1.000000 1.000000 1.000000 1.000000 1.000000 1.000000 1.000000 1.000000 1.000000 1.000000 1.000000 1.000000 1.000000
1.000000 1.000000 1.000000 1.000000 1.000000 1.000000 1.000000 1.000000 1.000000 1.000000 1.000000 1.000000 1.000000 1.000000 1.000000 1.000000
1.000000 1.000000 1.000000 1.000000 1.000000</float_array>
          <technique_common>
            <accessor source="#pCube21-visibility-animation-output-array" count="85">
              <param type="float"/>
            </accessor>
          </technique_common>
        </source>
        <source id="pCube21-visibility-animation-intan">
          <float_array id="pCube21-visibility-animation-intan-array" count="85">

0.000000 0.000000 0.000000 0.000000 0.000000 0.000000 0.000000 0.000000 0.000000 0.000000 0.000000 0.000000 0.000000 0.000000 0.000000 0.000000
0.000000 0.000000 0.000000 0.000000 0.000000 0.000000 0.000000 0.000000 0.000000 0.000000 0.000000 0.000000 0.000000 0.000000 0.000000 0.000000
0.000000 0.000000 0.000000 0.000000 0.000000 0.000000 0.000000 0.000000 0.000000 0.000000 0.000000 0.000000 0.000000 0.000000 0.000000 0.000000
0.000000 0.000000 0.000000 0.000000 0.000000 0.000000 0.000000 0.000000 0.000000 0.000000 0.000000 0.000000 0.000000 0.000000 0.000000 0.000000
0.000000 0.000000 0.000000 0.000000 0.000000 0.000000 0.000000 0.000000 0.000000 0.000000 0.000000 0.000000 0.000000 0.000000 0.000000 0.000000
0.000000 0.000000 0.000000 0.000000 0.000000</float_array>
          <technique_common>
            <accessor source="#pCube21-visibility-animation-intan-array" count="85">
              <param type="float"/>
            </accessor>
          </technique_common>
        </source>
        <source id="pCube21-visibility-animation-outtan">
          <float_array id="pCube21-visibility-animation-outtan-array" count="85">

0.000000 0.000000 0.000000 0.000000 0.000000 0.000000 0.000000 0.000000 0.000000 0.000000 0.000000 0.000000 0.000000 0.000000 0.000000 0.000000
0.000000 0.000000 0.000000 0.000000 0.000000 0.000000 0.000000 0.000000 0.000000 0.000000 0.000000 0.000000 0.000000 0.000000 0.000000 0.000000
0.000000 0.000000 0.000000 0.000000 0.000000 0.000000 0.000000 0.000000 0.000000 0.000000 0.000000 0.000000 0.000000 0.000000 0.000000 0.000000
0.000000 0.000000 0.000000 0.000000 0.000000 0.000000 0.000000 0.000000 0.000000 0.000000 0.000000 0.000000 0.000000 0.000000 0.000000 0.000000
0.000000 0.000000 0.000000 0.000000 0.000000 0.000000 0.000000 0.000000 0.000000 0.000000 0.000000 0.000000 0.000000 0.000000 0.000000 0.000000
0.000000 0.000000 0.000000 0.000000 0.000000</float_array>
          <technique_common>
            <accessor source="#pCube21-visibility-animation-outtan-array" count="85">
              <param type="float"/>
            </accessor>
          </technique_common>
        </source>
        <source id="pCube21-visibility-animation-interpolation">
          <Name_array id="pCube21-visibility-animation-interpolation-array" count="85">
 BEZIER BEZIER BEZIER BEZIER BEZIER BEZIER BEZIER BEZIER BEZIER BEZIER BEZIER
BEZIER BEZIER BEZIER BEZIER BEZIER BEZIER BEZIER BEZIER BEZIER BEZIER BEZIER BEZIER
BEZIER BEZIER BEZIER BEZIER BEZIER BEZIER BEZIER BEZIER BEZIER BEZIER BEZIER BEZIER
BEZIER BEZIER BEZIER BEZIER BEZIER BEZIER BEZIER BEZIER BEZIER BEZIER BEZIER BEZIER
BEZIER BEZIER BEZIER BEZIER BEZIER BEZIER BEZIER BEZIER BEZIER BEZIER BEZIER BEZIER
BEZIER BEZIER BEZIER BEZIER BEZIER BEZIER BEZIER BEZIER BEZIER BEZIER BEZIER BEZIER
BEZIER BEZIER BEZIER BEZIER BEZIER BEZIER BEZIER BEZIER BEZIER BEZIER BEZIER BEZIER
BEZIER BEZIER</Name_array>
          <technique_common>
            <accessor source="#pCube21-visibility-animation-interpolation-array" count="85">
              <param type="name"/>
            </accessor>
          </technique_common>
        </source>
        <sampler id="pCube21-visibility-animation">
          <input semantic="INPUT" source="#pCube21-visibility-animation-input"/>
          <input semantic="OUTPUT" source="#pCube21-visibility-animation-output"/>
          <input semantic="IN_TANGENT" source="#pCube21-visibility-animation-intan"/>
          <input semantic="OUT_TANGENT" source="#pCube21-visibility-animation-outtan"/>
          <input semantic="INTERPOLATION" source="#pCube21-visibility-animation-interpolation"/>
        </sampler>
        <channel source="#pCube21-visibility-animation" target="pCube21/visibility"/>
      </animation>
    </animation>
    <animation id="polySurface2-anim" name="polySurface2">
      <animation>
        <source id="polySurface2-Matrix-animation-input">
          <float_array id="polySurface2-Matrix-animation-input-array" count="0">
</float_array>
          <technique_common>
            <accessor source="#polySurface2-Matrix-animation-input-array" count="0">
              <param name="TIME" type="float"/>
            </accessor>
          </technique_common>
        </source>
        <source id="polySurface2-Matrix-animation-output-transform">
          <float_array id="polySurface2-Matrix-animation-output-transform-array" count="0">
</float_array>
          <technique_common>
            <accessor source="#polySurface2-Matrix-animation-output-transform-array" count="0" stride="16">
              <param type="float4x4"/>
            </accessor>
          </technique_common>
        </source>
        <source id="polySurface2-Interpolations">
          <Name_array id="polySurface2-Interpolations-array" count="0">
</Name_array>
          <technique_common>
            <accessor source="#polySurface2-Interpolations-array" count="0">
              <param type="name"/>
            </accessor>
          </technique_common>
        </source>
        <sampler id="polySurface2-Matrix-animation-transform">
          <input semantic="INPUT" source="#polySurface2-Matrix-animation-input"/>
          <input semantic="OUTPUT" source="#polySurface2-Matrix-animation-output-transform"/>
          <input semantic="INTERPOLATION" source="#polySurface2-Interpolations"/>
        </sampler>
        <channel source="#polySurface2-Matrix-animation-transform" target="polySurface2/matrix"/>
      </animation>
    </animation>
    <animation id="joint14-anim" name="joint14">
      <animation>
        <source id="joint14-Matrix-animation-input">
          <float_array id="joint14-Matrix-animation-input-array" count="85">

0.033333 0.066667 0.100000 0.133333 0.166667 0.200000 0.233333 0.266667 0.300000 0.333333 0.366667 0.400000 0.433333 0.466667 0.500000 0.533333
0.566667 0.600000 0.633333 0.666667 0.700000 0.733333 0.766667 0.800000 0.833333 0.866667 0.900000 0.933333 0.966667 1.000000 1.033333 1.066667
1.100000 1.133333 1.166667 1.200000 1.233333 1.266667 1.300000 1.333333 1.366667 1.400000 1.433333 1.466667 1.500000 1.533333 1.566667 1.600000
1.633333 1.666667 1.700000 1.733333 1.766667 1.800000 1.833333 1.866667 1.900000 1.933333 1.966667 2.000000 2.033333 2.066667 2.100000 2.133333
2.166667 2.200000 2.233333 2.266667 2.300000 2.333333 2.366667 2.400000 2.433333 2.466667 2.500000 2.533333 2.566667 2.600000 2.633333 2.666667
2.700000 2.733333 2.766667 2.800000 2.833333</float_array>
          <technique_common>
            <accessor source="#joint14-Matrix-animation-input-array" count="85">
              <param name="TIME" type="float"/>
            </accessor>
          </technique_common>
        </source>
        <source id="joint14-Matrix-animation-output-transform">
          <float_array id="joint14-Matrix-animation-output-transform-array" count="1360">

1.000000 0.000000 0.000000 0.862946 0.000000 1.000000 0.000000 4.020495 0.000000 0.000000 1.000000 2.199115 0.000000 0.000000 0.000000 1.000000
1.000000 0.000000 0.000000 0.862946 0.000000 1.000000 0.000000 4.020495 0.000000 0.000000 1.000000 2.199115 0.000000 0.000000 0.000000 1.000000
1.000000 0.000000 0.000000 0.862946 0.000000 1.000000 0.000000 4.020495 0.000000 0.000000 1.000000 2.199115 0.000000 0.000000 0.000000 1.000000
1.000000 0.000000 0.000000 0.862946 0.000000 1.000000 0.000000 4.020495 0.000000 0.000000 1.000000 2.199115 0.000000 0.000000 0.000000 1.000000
1.000000 0.000000 0.000000 0.862946 0.000000 1.000000 0.000000 4.020495 0.000000 0.000000 1.000000 2.199115 0.000000 0.000000 0.000000 1.000000
1.000000 0.000000 0.000000 0.862946 0.000000 1.000000 0.000000 4.020495 0.000000 0.000000 1.000000 2.199115 0.000000 0.000000 0.000000 1.000000
1.000000 0.000000 0.000000 0.862946 0.000000 1.000000 0.000000 4.020495 0.000000 0.000000 1.000000 2.199115 0.000000 0.000000 0.000000 1.000000
1.000000 0.000000 0.000000 0.862946 0.000000 1.000000 0.000000 4.020495 0.000000 0.000000 1.000000 2.199115 0.000000 0.000000 0.000000 1.000000
1.000000 0.000000 0.000000 0.862946 0.000000 1.000000 0.000000 4.020495 0.000000 0.000000 1.000000 2.199115 0.000000 0.000000 0.000000 1.000000
1.000000 0.000000 0.000000 0.862946 0.000000 1.000000 0.000000 4.020495 0.000000 0.000000 1.000000 2.199115 0.000000 0.000000 0.000000 1.000000
0.999747 0.000000 -0.022495 0.862946 0.000000 1.000000 0.000000 4.020495 0.022495 0.000000 0.999747 2.199115 0.000000 0.000000 0.000000 1.000000
0.996885 0.000000 -0.078863 0.862946 0.000000 1.000000 0.000000 4.020495 0.078863 0.000000 0.996885 2.199115 0.000000 0.000000 0.000000 1.000000
0.988352 0.000000 -0.152186 0.862946 0.000000 1.000000 0.000000 4.020495 0.152186 0.000000 0.988352 2.199115 0.000000 0.000000 0.000000 1.000000
0.974248 0.000000 -0.225481 0.862946 0.000000 1.000000 0.000000 4.020495 0.225481 0.000000 0.974248 2.199115 0.000000 0.000000 0.000000 1.000000
0.959281 0.000000 -0.282453 0.862946 0.000000 1.000000 0.000000 4.020495 0.282453 0.000000 0.959281 2.199115 0.000000 0.000000 0.000000 1.000000
0.947384 0.000000 -0.320099 0.862946 0.000000 1.000000 0.000000 4.020495 0.320099 0.000000 0.947384 2.199115 0.000000 0.000000 0.000000 1.000000
0.936975 0.000000 -0.349397 0.862946 0.000000 1.000000 0.000000 4.020495 0.349397 0.000000 0.936975 2.199115 0.000000 0.000000 0.000000 1.000000
0.926736 0.000000 -0.375714 0.862946 0.000000 1.000000 0.000000 4.020495 0.375714 0.000000 0.926736 2.199115 0.000000 0.000000 0.000000 1.000000
0.914678 0.000000 -0.404184 0.862946 0.000000 1.000000 0.000000 4.020495 0.404184 0.000000 0.914678 2.199115 0.000000 0.000000 0.000000 1.000000
0.898165 0.000000 -0.439659 0.862946 0.000000 1.000000 0.000000 4.020495 0.439659 0.000000 0.898165 2.199115 0.000000 0.000000 0.000000 1.000000
0.875015 0.000000 -0.484095 0.862946 0.000000 1.000000 0.000000 4.020495 0.484095 0.000000 0.875015 2.199115 0.000000 0.000000 0.000000 1.000000
0.845803 0.000000 -0.533495 0.862946 0.000000 1.000000 0.000000 4.020495 0.533495 0.000000 0.845803 2.199115 0.000000 0.000000 0.000000 1.000000
0.811976 0.000000 -0.583691 0.862946 0.000000 1.000000 0.000000 4.020495 0.583691 0.000000 0.811976 2.199115 0.000000 0.000000 0.000000 1.000000
0.775807 0.000000 -0.630971 0.862946 0.000000 1.000000 0.000000 4.020495 0.630971 0.000000 0.775807 2.199115 0.000000 0.000000 0.000000 1.000000
0.740360 0.000000 -0.672210 0.862946 0.000000 1.000000 0.000000 4.020495 0.672210 0.000000 0.740360 2.199115 0.000000 0.000000 0.000000 1.000000
0.708326 0.000000 -0.705885 0.862946 0.000000 1.000000 0.000000 4.020495 0.705885 0.000000 0.708326 2.199115 0.000000 0.000000 0.000000 1.000000
0.678548 0.000000 -0.734557 0.862946 0.000000 1.000000 0.000000 4.020495 0.734557 0.000000 0.678548 2.199115 0.000000 0.000000 0.000000 1.000000
0.648377 0.000000 -0.761319 0.862946 0.000000 1.000000 0.000000 4.020495 0.761319 0.000000 0.648377 2.199115 0.000000 0.000000 0.000000 1.000000
0.614692 0.000000 -0.788768 0.862946 0.000000 1.000000 0.000000 4.020495 0.788768 0.000000 0.614692 2.199115 0.000000 0.000000 0.000000 1.000000
0.573918 0.000000 -0.818913 0.862946 0.000000 1.000000 0.000000 4.020495 0.818913 0.000000 0.573918 2.199115 0.000000 0.000000 0.000000 1.000000
0.524425 0.000000 -0.851457 0.862946 0.000000 1.000000 0.000000 4.020495 0.851457 0.000000 0.524425 2.199115 0.000000 0.000000 0.000000 1.000000
0.467994 0.000000 -0.883732 0.862946 0.000000 1.000000 0.000000 4.020495 0.883732 0.000000 0.467994 2.199115 0.000000 0.000000 0.000000 1.000000
0.406058 0.000000 -0.913847 0.862946 0.000000 1.000000 0.000000 4.020495 0.913847 0.000000 0.406058 2.199115 0.000000 0.000000 0.000000 1.000000
0.340362 0.000000 -0.940295 0.862946 0.000000 1.000000 0.000000 4.020495 0.940295 0.000000 0.340362 2.199115 0.000000 0.000000 0.000000 1.000000
0.272922 0.000000 -0.962036 0.862946 0.000000 1.000000 0.000000 4.020495 0.962036 0.000000 0.272922 2.199115 0.000000 0.000000 0.000000 1.000000
0.192026 0.000000 -0.981390 0.862946 0.000000 1.000000 0.000000 4.020495 0.981390 0.000000 0.192026 2.199115 0.000000 0.000000 0.000000 1.000000
0.096270 0.000000 -0.995355 0.862946 0.000000 1.000000 0.000000 4.020495 0.995355 0.000000 0.096270 2.199115 0.000000 0.000000 0.000000 1.000000
0.004444 0.000000 -0.999990 0.862946 0.000000 1.000000 0.000000 4.020495 0.999990 0.000000 0.004444 2.199115 0.000000 0.000000 0.000000 1.000000
-0.064217 0.000000 -0.997936 0.862946 0.000000 1.000000 0.000000 4.020495 0.997936 0.000000 -0.064217 2.199115 0.000000 0.000000 0.000000 1.000000
-0.091133 0.000000 -0.995839 0.862946 0.000000 1.000000 0.000000 4.020495 0.995839 0.000000 -0.091133 2.199115 0.000000 0.000000 0.000000 1.000000
-0.087643 0.000000 -0.996152 0.862946 0.000000 1.000000 0.000000 4.020495 0.996152 0.000000 -0.087643 2.199115 0.000000 0.000000 0.000000 1.000000
-0.076852 0.000000 -0.997042 0.862946 0.000000 1.000000 0.000000 4.020495 0.997042 0.000000 -0.076852 2.199115 0.000000 0.000000 0.000000 1.000000
-0.058278 0.000000 -0.998300 0.862946 0.000000 1.000000 0.000000 4.020495 0.998300 0.000000 -0.058278 2.199115 0.000000 0.000000 0.000000 1.000000
-0.031430 0.000000 -0.999506 0.862946 0.000000 1.000000 0.000000 4.020495 0.999506 0.000000 -0.031430 2.199115 0.000000 0.000000 0.000000 1.000000
0.004168 0.000000 -0.999991 0.862946 0.000000 1.000000 0.000000 4.020495 0.999991 0.000000 0.004168 2.199115 0.000000 0.000000 0.000000 1.000000
0.060580 0.000000 -0.998163 0.862946 0.000000 1.000000 0.000000 4.020495 0.998163 0.000000 0.060580 2.199115 0.000000 0.000000 0.000000 1.000000
0.137165 0.000000 -0.990548 0.862946 0.000000 1.000000 0.000000 4.020495 0.990548 0.000000 0.137165 2.199115 0.000000 0.000000 0.000000 1.000000
0.215239 0.000000 -0.976561 0.862946 0.000000 1.000000 0.000000 4.020495 0.976561 0.000000 0.215239 2.199115 0.000000 0.000000 0.000000 1.000000
