<?xml version="1.0" encoding="utf-8"?>
<COLLADA xmlns="http://www.collada.org/2005/11/COLLADASchema" version="1.4.1">
  <asset>
    <contributor>
      <author/>
      <authoring_tool>FBX COLLADA exporter</authoring_tool>
      <comments/>
    </contributor>
    <created>2020-10-11T05:57:21Z</created>
    <keywords/>
    <modified>2020-10-11T05:57:21Z</modified>
    <revision/>
    <subject/>
    <title/>
    <unit meter="0.010000" name="centimeter"/>
    <up_axis>Y_UP</up_axis>
  </asset>
  <library_materials>
    <material id="lambert2" name="lambert2">
      <instance_effect url="#lambert2-fx"/>
    </material>
  </library_materials>
  <library_effects>
    <effect id="lambert2-fx" name="lambert2">
      <profile_COMMON>
        <technique sid="standard">
          <lambert>
            <emission>
              <color sid="emission">0.000000  0.000000 0.000000 1.000000</color>
            </emission>
            <ambient>
              <color sid="ambient">0.000000  0.000000 0.000000 1.000000</color>
            </ambient>
            <diffuse>
              <color sid="diffuse">0.400000  0.400000 0.400000 1.000000</color>
            </diffuse>
            <transparent opaque="RGB_ZERO">
              <color sid="transparent">0.000000  0.000000 0.000000 1.000000</color>
            </transparent>
            <transparency>
              <float sid="transparency">1.000000</float>
            </transparency>
          </lambert>
        </technique>
      </profile_COMMON>
    </effect>
  </library_effects>
  <library_geometries>
    <geometry id="polySurface1-lib" name="polySurface1Mesh">
      <mesh>
        <source id="polySurface1-POSITION">
          <float_array id="polySurface1-POSITION-array" count="48">
-0.500000 -0.500000 0.500000
0.500000 -0.500000 0.500000
-0.500000 0.273355 0.500000
0.500000 0.273355 0.500000
-0.500000 0.273355 -0.500000
0.500000 0.273355 -0.500000
-0.500000 -0.500000 -0.500000
0.500000 -0.500000 -0.500000
-0.455968 0.273355 0.455968
0.455968 0.273355 0.455968
-0.455968 0.273355 -0.455968
0.455968 0.273355 -0.455968
-0.455968 -0.492092 0.455968
0.455968 -0.492092 0.455968
-0.455968 -0.492092 -0.455968
0.455968 -0.492092 -0.455968
</float_array>
          <technique_common>
            <accessor source="#polySurface1-POSITION-array" count="16" stride="3">
              <param name="X" type="float"/>
              <param name="Y" type="float"/>
              <param name="Z" type="float"/>
            </accessor>
          </technique_common>
        </source>
        <source id="polySurface1-Normal0">
          <float_array id="polySurface1-Normal0-array" count="252">
0.000000 0.000000 1.000000
0.000000 0.000000 1.000000
0.000000 0.000000 1.000000
0.000000 0.000000 1.000000
0.000000 0.000000 1.000000
0.000000 0.000000 1.000000
0.000000 0.000000 -1.000000
0.000000 0.000000 -1.000000
0.000000 0.000000 -1.000000
0.000000 0.000000 -1.000000
0.000000 0.000000 -1.000000
0.000000 0.000000 -1.000000
0.000000 -1.000000 0.000000
0.000000 -1.000000 0.000000
0.000000 -1.000000 0.000000
0.000000 -1.000000 0.000000
0.000000 -1.000000 0.000000
0.000000 -1.000000 0.000000
1.000000 0.000000 0.000000
1.000000 0.000000 0.000000
1.000000 0.000000 0.000000
1.000000 0.000000 0.000000
1.000000 0.000000 0.000000
1.000000 0.000000 0.000000
-1.000000 0.000000 0.000000
-1.000000 0.000000 0.000000
-1.000000 0.000000 0.000000
-1.000000 0.000000 0.000000
-1.000000 0.000000 0.000000
-1.000000 0.000000 0.000000
0.000000 1.000000 0.000000
0.000000 1.000000 0.000000
0.000000 1.000000 0.000000
0.000000 1.000000 0.000000
0.000000 1.000000 0.000000
0.000000 1.000000 0.000000
0.000000 1.000000 0.000000
0.000000 1.000000 0.000000
0.000000 1.000000 0.000000
0.000000 1.000000 0.000000
0.000000 1.000000 0.000000
0.000000 1.000000 0.000000
-0.000000 1.000000 -0.000001
-0.000000 1.000000 -0.000001
-0.000000 1.000000 -0.000001
-0.000000 1.000000 -0.000001
-0.000000 1.000000 -0.000001
-0.000000 1.000000 -0.000001
0.000000 1.000000 -0.000001
0.000000 1.000000 -0.000001
0.000000 1.000000 -0.000001
0.000000 1.000000 -0.000001
0.000000 1.000000 -0.000001
0.000000 1.000000 -0.000001
0.000000 0.000000 -1.000000
0.000000 0.000000 -1.000000
0.000000 0.000000 -1.000000
0.000000 0.000000 -1.000000
0.000000 0.000000 -1.000000
0.000000 0.000000 -1.000000
0.000000 0.000000 1.000000
0.000000 0.000000 1.000000
0.000000 0.000000 1.000000
0.000000 0.000000 1.000000
0.000000 0.000000 1.000000
0.000000 0.000000 1.000000
-1.000000 0.000000 0.000000
-1.000000 0.000000 0.000000
-1.000000 0.000000 0.000000
-1.000000 0.000000 0.000000
-1.000000 0.000000 0.000000
-1.000000 0.000000 0.000000
1.000000 0.000000 0.000000
1.000000 0.000000 0.000000
1.000000 0.000000 0.000000
1.000000 0.000000 0.000000
1.000000 0.000000 0.000000
1.000000 0.000000 0.000000
0.000000 1.000000 -0.000001
0.000000 1.000000 -0.000001
0.000000 1.000000 -0.000001
0.000000 1.000000 -0.000001
0.000000 1.000000 -0.000001
0.000000 1.000000 -0.000001
</float_array>
          <technique_common>
            <accessor source="#polySurface1-Normal0-array" count="84" stride="3">
              <param name="X" type="float"/>
              <param name="Y" type="float"/>
              <param name="Z" type="float"/>
            </accessor>
          </technique_common>
        </source>
        <source id="polySurface1-UV0">
          <float_array id="polySurface1-UV0-array" count="92">
0.375000 0.000000
0.625000 0.000000
0.625000 0.083333
0.375000 0.083333
0.375000 0.666667
0.625000 0.666667
0.625000 0.750000
0.375000 0.750000
0.625000 1.000000
0.375000 1.000000
0.875000 0.000000
0.875000 0.083333
0.125000 0.000000
0.125000 0.083333
0.000000 0.000000
1.000000 0.000000
1.000000 1.000000
0.000000 1.000000
0.000000 0.000000
1.000000 0.000000
1.000000 1.000000
0.000000 1.000000
0.000000 0.000000
1.000000 0.000000
1.000000 1.000000
0.000000 1.000000
0.000000 0.000000
1.000000 0.000000
1.000000 1.000000
0.000000 1.000000
0.000000 0.000000
1.000000 0.000000
1.000000 1.000000
0.000000 1.000000
0.000000 0.000000
1.000000 0.000000
1.000000 1.000000
0.000000 1.000000
0.000000 0.000000
1.000000 0.000000
1.000000 1.000000
0.000000 1.000000
0.000000 0.000000
1.000000 0.000000
1.000000 1.000000
0.000000 1.000000
</float_array>
          <technique_common>
            <accessor source="#polySurface1-UV0-array" count="46" stride="2">
              <param name="S" type="float"/>
              <param name="T" type="float"/>
            </accessor>
          </technique_common>
        </source>
        <vertices id="polySurface1-VERTEX">
          <input semantic="POSITION" source="#polySurface1-POSITION"/>
        </vertices>
        <triangles count="28" material="lambert2">
          <input semantic="VERTEX" offset="0" source="#polySurface1-VERTEX"/>
          <input semantic="NORMAL" offset="1" source="#polySurface1-Normal0"/>
          <input semantic="TEXCOORD" offset="2" set="0" source="#polySurface1-UV0"/>
          <p> 3 0 2 2 1 3 0 2 0 3 3 2 0 4 0 1 5 1 7 6 6 6 7 7 4 8 4 7 9 6 4 10 4 5 11 5 1 12 8 0 13 9 6 14 7 1 15 8 6 16 7 7 17 6 3 18 2 1 19 1 5 20 11 1 21 1 7 22 10 5 23 11 0 24 0 4 25 13 6 26 12 4 27 13 0 28 0 2 29 3 2 30 14 3 31 15 9 32 16 2 33 14 9 34 16 8 35 17 5 36 18 4 37 19 10 38 20 5 39 18 10 40 20 11 41 21 3 42 22 5 43 23 11 44 24 3 45 22 11 46 24 9 47 25 2 48 27 10 49 29 4 50 26 10 51 29 2 52 27 8 53 28 13 54 32 12 55 33 8 56 30 13 57 32 8 58 30 9 59 31 10 60 35 14 61 36 11 62 34 11 63 34 14 64 36 15 65 37 13 66 41 11 67 39 15 68 40 11 69 39 13 70 41 9 71 38 12 72 44 10 73 42 8 74 43 10 75 42 12 76 44 14 77 45 12 78 33 13 79 41 14 80 45 13 81 41 15 82 37 14 83 45</p>
        </triangles>
      </mesh>
    </geometry>
    <geometry id="polySurface2-lib" name="polySurface2Mesh">
      <mesh>
        <source id="polySurface2-POSITION">
          <float_array id="polySurface2-POSITION-array" count="48">
-0.499986 0.278569 0.501994
0.499826 0.288917 0.501994
-0.502024 0.475464 0.501994
0.499171 0.486082 0.501994
-0.502024 0.475464 -0.498006
0.499171 0.486082 -0.498006
-0.499986 0.278569 -0.498006
0.499826 0.288917 -0.498006
-0.475053 0.278825 0.477046
0.474882 0.288659 0.477046
-0.475053 0.278825 -0.473057
0.474882 0.288659 -0.473057
-0.476662 0.438617 0.477046
0.474569 0.448657 0.477046
-0.476662 0.438617 -0.473057
0.474569 0.448657 -0.473057
</float_array>
          <technique_common>
            <accessor source="#polySurface2-POSITION-array" count="16" stride="3">
              <param name="X" type="float"/>
              <param name="Y" type="float"/>
              <param name="Z" type="float"/>
            </accessor>
          </technique_common>
        </source>
        <source id="polySurface2-Normal0">
          <float_array id="polySurface2-Normal0-array" count="252">
0.000000 0.000000 1.000000
0.000000 0.000000 1.000000
0.000000 0.000000 1.000000
0.000000 0.000000 1.000000
0.000000 0.000000 1.000000
0.000000 0.000000 1.000000
-0.010605 0.999944 0.000000
-0.010605 0.999944 0.000000
-0.010605 0.999944 0.000000
-0.010605 0.999944 0.000000
-0.010605 0.999944 0.000000
-0.010605 0.999944 0.000000
0.000000 0.000000 -1.000000
0.000000 0.000000 -1.000000
0.000000 0.000000 -1.000000
0.000000 0.000000 -1.000000
0.000000 0.000000 -1.000000
0.000000 0.000000 -1.000000
0.999995 0.003322 0.000000
0.999995 0.003322 0.000000
0.999995 0.003322 0.000000
0.999995 0.003322 0.000000
0.999995 0.003322 0.000000
0.999995 0.003322 0.000000
-0.999946 -0.010351 0.000000
-0.999946 -0.010351 0.000000
-0.999946 -0.010351 0.000000
-0.999946 -0.010351 0.000000
-0.999946 -0.010351 0.000000
-0.999946 -0.010351 0.000000
0.010315 -0.999947 0.000017
0.010348 -0.999946 0.000017
0.010348 -0.999946 0.000017
0.010348 -0.999946 0.000017
0.010315 -0.999947 0.000017
0.010315 -0.999947 0.000017
0.010315 -0.999947 -0.000017
0.010348 -0.999946 -0.000017
0.010348 -0.999946 -0.000017
0.010315 -0.999947 -0.000017
0.010348 -0.999946 -0.000017
0.010315 -0.999947 -0.000017
0.010348 -0.999946 0.000017
0.010348 -0.999946 -0.000017
0.010348 -0.999946 -0.000017
0.010348 -0.999946 -0.000017
0.010348 -0.999946 0.000017
0.010348 -0.999946 0.000017
0.010315 -0.999947 0.000017
0.010315 -0.999947 -0.000017
0.010315 -0.999947 -0.000017
0.010315 -0.999947 0.000017
0.010315 -0.999947 -0.000017
0.010315 -0.999947 0.000017
0.000000 0.000000 -1.000000
0.000000 0.000000 -1.000000
0.000000 0.000000 -1.000000
0.000000 0.000000 -1.000000
0.000000 0.000000 -1.000000
0.000000 0.000000 -1.000000
0.000000 0.000000 1.000000
0.000000 0.000000 1.000000
0.000000 0.000000 1.000000
0.000000 0.000000 1.000000
0.000000 0.000000 1.000000
0.000000 0.000000 1.000000
-0.999998 -0.001958 0.000000
-0.999998 -0.001958 0.000000
-0.999998 -0.001958 0.000000
-0.999998 -0.001958 0.000000
-0.999998 -0.001958 0.000000
-0.999998 -0.001958 0.000000
0.999949 0.010065 0.000000
0.999949 0.010065 0.000000
0.999949 0.010065 0.000000
0.999949 0.010065 0.000000
0.999949 0.010065 0.000000
0.999949 0.010065 0.000000
0.010554 -0.999944 0.000000
0.010554 -0.999944 0.000000
0.010554 -0.999944 0.000000
0.010554 -0.999944 0.000000
0.010554 -0.999944 0.000000
0.010554 -0.999944 0.000000
</float_array>
          <technique_common>
            <accessor source="#polySurface2-Normal0-array" count="84" stride="3">
              <param name="X" type="float"/>
              <param name="Y" type="float"/>
              <param name="Z" type="float"/>
            </accessor>
          </technique_common>
        </source>
        <source id="polySurface2-UV0">
          <float_array id="polySurface2-UV0-array" count="88">
0.375000 0.166667
0.625000 0.166667
0.625000 0.250000
0.375000 0.250000
0.625000 0.500000
0.375000 0.500000
0.625000 0.583333
0.375000 0.583333
0.875000 0.166667
0.875000 0.250000
0.125000 0.166667
0.125000 0.250000
0.000000 0.000000
1.000000 0.000000
1.000000 1.000000
0.000000 1.000000
0.000000 0.000000
1.000000 0.000000
1.000000 1.000000
0.000000 1.000000
0.000000 0.000000
1.000000 0.000000
1.000000 1.000000
0.000000 1.000000
0.000000 0.000000
1.000000 0.000000
1.000000 1.000000
0.000000 1.000000
0.000000 0.000000
1.000000 0.000000
1.000000 1.000000
0.000000 1.000000
0.000000 0.000000
1.000000 0.000000
1.000000 1.000000
0.000000 1.000000
0.000000 0.000000
1.000000 0.000000
1.000000 1.000000
0.000000 1.000000
0.000000 0.000000
1.000000 0.000000
1.000000 1.000000
0.000000 1.000000
</float_array>
          <technique_common>
            <accessor source="#polySurface2-UV0-array" count="44" stride="2">
              <param name="S" type="float"/>
              <param name="T" type="float"/>
            </accessor>
          </technique_common>
        </source>
        <vertices id="polySurface2-VERTEX">
          <input semantic="POSITION" source="#polySurface2-POSITION"/>
        </vertices>
        <triangles count="28" material="lambert2">
          <input semantic="VERTEX" offset="0" source="#polySurface2-VERTEX"/>
          <input semantic="NORMAL" offset="1" source="#polySurface2-Normal0"/>
          <input semantic="TEXCOORD" offset="2" set="0" source="#polySurface2-UV0"/>
          <p> 2 0 3 1 1 1 3 2 2 1 3 1 2 4 3 0 5 0 3 6 2 5 7 4 2 8 3 2 9 3 5 10 4 4 11 5 7 12 6 6 13 7 4 14 5 7 15 6 4 16 5 5 17 4 5 18 9 3 19 2 1 20 1 1 21 1 7 22 8 5 23 9 2 24 3 6 25 10 0 26 0 6 27 10 2 28 3 4 29 11 0 30 13 9 31 15 1 32 12 9 33 15 0 34 13 8 35 14 6 36 16 7 37 17 11 38 18 6 39 16 11 40 18 10 41 19 1 42 21 11 43 23 7 44 20 11 45 23 1 46 21 9 47 22 0 48 24 6 49 25 10 50 26 0 51 24 10 52 26 8 53 27 9 54 28 8 55 29 12 56 30 9 57 28 12 58 30 13 59 31 14 60 35 11 61 33 15 62 34 11 63 33 14 64 35 10 65 32 13 66 38 11 67 36 9 68 37 11 69 36 13 70 38 15 71 39 14 72 42 12 73 43 8 74 40 8 75 40 10 76 41 14 77 42 12 78 43 14 79 35 13 80 31 13 81 31 14 82 35 15 83 39</p>
        </triangles>
      </mesh>
    </geometry>
  </library_geometries>
  <library_controllers>
    <controller id="polySurface2Controller">
      <skin source="#polySurface2-lib">
        <bind_shape_matrix>0.000000 -0.000000 3.500000 0.000000 0.000000 3.500000 0.000000 1.500000 -3.500000 -0.000000 0.000000 2.000000 0.000000 0.000000 0.000000 1.000000
</bind_shape_matrix>
        <source id="polySurface2Controller-Joints">
          <Name_array id="polySurface2Controller-Joints-array" count="1">
 joint14</Name_array>
          <technique_common>
            <accessor source="#polySurface2Controller-Joints-array" count="1">
              <param type="name"/>
            </accessor>
          </technique_common>
        </source>
        <source id="polySurface2Controller-Matrices">
          <float_array id="polySurface2Controller-Matrices-array" count="16">

1.000000 0.000000 0.000000 -0.002000 -0.000000 1.000000 0.000000 -2.452000 0.000000 -0.000000 1.000000 -3.676000 0.000000 0.000000 0.000000 1.000000</float_array>
          <technique_common>
            <accessor source="#polySurface2Controller-Matrices-array" count="1" stride="16">
              <param type="float4x4"/>
            </accessor>
          </technique_common>
        </source>
        <source id="polySurface2Controller-Weights">
          <float_array id="polySurface2Controller-Weights-array" count="17">

1.000000 1.000000 1.000000 1.000000 1.000000 1.000000 1.000000 1.000000 1.000000 1.000000 1.000000 1.000000 1.000000 1.000000 1.000000 1.000000
1.000000</float_array>
          <technique_common>
            <accessor source="#polySurface2Controller-Weights-array" count="17">
              <param type="float"/>
            </accessor>
          </technique_common>
        </source>
        <joints>
          <input semantic="JOINT" source="#polySurface2Controller-Joints"/>
          <input semantic="INV_BIND_MATRIX" source="#polySurface2Controller-Matrices"/>
        </joints>
        <vertex_weights count="16">
          <input semantic="JOINT" offset="0" source="#polySurface2Controller-Joints"/>
          <input semantic="WEIGHT" offset="1" source="#polySurface2Controller-Weights"/>
          <vcount>1 1 1 1 1 1 1 1 1 1 1 1 1 1 1 1</vcount>
          <v>0 1 0 2 0 3 0 4 0 5 0 6 0 7 0 8 0 9 0 10 0 11 0 12 0 13 0 14 0 15 0 16</v>
        </vertex_weights>
      </skin>
    </controller>
  </library_controllers>
  <library_animations>
    <animation id="pCube22-anim" name="pCube22">
      <animation>
        <source id="pCube22-Matrix-animation-input">
          <float_array id="pCube22-Matrix-animation-input-array" count="92">

0.300000 0.333333 0.366667 0.400000 0.433333 0.466667 0.500000 0.533333 0.566667 0.600000 0.633333 0.666667 0.700000 0.733333 0.766667 0.800000
0.833333 0.866667 0.900000 0.933333 0.966667 1.000000 1.033333 1.066667 1.100000 1.133333 1.166667 1.200000 1.233333 1.266667 1.300000 1.333333
1.366667 1.400000 1.433333 1.466667 1.500000 1.533333 1.566667 1.600000 1.633333 1.666667 1.700000 1.733333 1.766667 1.800000 1.833333 1.866667
1.900000 1.933333 1.966667 2.000000 2.033333 2.066667 2.100000 2.133333 2.166667 2.200000 2.233333 2.266667 2.300000 2.333333 2.366667 2.400000
2.433333 2.466667 2.500000 2.533333 2.566667 2.600000 2.633333 2.666667 2.700000 2.733333 2.766667 2.800000 2.833333 2.866667 2.900000 2.933333
2.966667 3.000000 3.033333 3.066667 3.100000 3.133333 3.166667 3.200000 3.233333 3.266667 3.300000 3.333333</float_array>
          <technique_common>
            <accessor source="#pCube22-Matrix-animation-input-array" count="92">
              <param name="TIME" type="float"/>
            </accessor>
          </technique_common>
        </source>
        <source id="pCube22-Matrix-animation-output-transform">
          <float_array id="pCube22-Matrix-animation-output-transform-array" count="1472">

0.000000 0.000000 3.500000 0.000000 0.000000 3.500000 0.000000 1.500000 -3.500000 0.000000 0.000000 2.000000 0.000000 0.000000 0.000000 1.000000
0.000000 0.000000 3.500000 0.000000 0.000000 3.500000 0.000000 1.500000 -3.500000 0.000000 0.000000 2.000000 0.000000 0.000000 0.000000 1.000000
0.000000 0.000000 3.500000 0.000000 0.000000 3.500000 0.000000 1.500000 -3.500000 0.000000 0.000000 2.000000 0.000000 0.000000 0.000000 1.000000
0.000000 0.000000 3.500000 0.000000 0.000000 3.500000 0.000000 1.500000 -3.500000 0.000000 0.000000 2.000000 0.000000 0.000000 0.000000 1.000000
0.000000 0.000000 3.500000 0.000000 0.000000 3.500000 0.000000 1.500000 -3.500000 0.000000 0.000000 2.000000 0.000000 0.000000 0.000000 1.000000
0.000000 0.000000 3.500000 0.000000 0.000000 3.500000 0.000000 1.500000 -3.500000 0.000000 0.000000 2.000000 0.000000 0.000000 0.000000 1.000000
0.000000 0.000000 3.500000 0.000000 0.000000 3.500000 0.000000 1.500000 -3.500000 0.000000 0.000000 2.000000 0.000000 0.000000 0.000000 1.000000
0.000000 0.000000 3.500000 0.000000 0.000000 3.500000 0.000000 1.500000 -3.500000 0.000000 0.000000 2.000000 0.000000 0.000000 0.000000 1.000000
0.000000 0.000000 3.500000 0.000000 0.000000 3.500000 0.000000 1.500000 -3.500000 0.000000 0.000000 2.000000 0.000000 0.000000 0.000000 1.000000
0.000000 0.000000 3.500000 0.000000 0.000000 3.500000 0.000000 1.500000 -3.500000 0.000000 0.000000 2.000000 0.000000 0.000000 0.000000 1.000000
0.000000 0.000000 3.500000 0.000000 0.000000 3.500000 0.000000 1.500000 -3.500000 0.000000 0.000000 2.000000 0.000000 0.000000 0.000000 1.000000
0.000000 0.000000 3.500000 0.000000 0.000000 3.500000 0.000000 1.500000 -3.500000 0.000000 0.000000 2.000000 0.000000 0.000000 0.000000 1.000000
0.000000 0.000000 3.500000 0.000000 0.000000 3.500000 0.000000 1.500000 -3.500000 0.000000 0.000000 2.000000 0.000000 0.000000 0.000000 1.000000
0.000000 0.000000 3.500000 0.000000 0.000000 3.500000 0.000000 1.500000 -3.500000 0.000000 0.000000 2.000000 0.000000 0.000000 0.000000 1.000000
0.000000 0.000000 3.500000 0.000000 0.000000 3.500000 0.000000 1.500000 -3.500000 0.000000 0.000000 2.000000 0.000000 0.000000 0.000000 1.000000
0.000000 0.000000 3.500000 0.000000 0.000000 3.500000 0.000000 1.500000 -3.500000 0.000000 0.000000 2.000000 0.000000 0.000000 0.000000 1.000000
0.000000 0.000000 3.500000 0.000000 0.000000 3.500000 0.000000 1.500000 -3.500000 0.000000 0.000000 2.000000 0.000000 0.000000 0.000000 1.000000
0.000000 0.000000 3.500000 0.000000 0.000000 3.500000 0.000000 1.500000 -3.500000 0.000000 0.000000 2.000000 0.000000 0.000000 0.000000 1.000000
0.000000 0.000000 3.500000 0.000000 0.000000 3.500000 0.000000 1.500000 -3.500000 0.000000 0.000000 2.000000 0.000000 0.000000 0.000000 1.000000
0.000000 0.000000 3.500000 0.000000 0.000000 3.500000 0.000000 1.500000 -3.500000 0.000000 0.000000 2.000000 0.000000 0.000000 0.000000 1.000000
0.000000 0.000000 3.500000 0.000000 0.000000 3.500000 0.000000 1.500000 -3.500000 0.000000 0.000000 2.000000 0.000000 0.000000 0.000000 1.000000
0.000000 0.000000 3.500000 0.000000 0.000000 3.500000 0.000000 1.500000 -3.500000 0.000000 0.000000 2.000000 0.000000 0.000000 0.000000 1.000000
0.000000 0.000000 3.500000 0.000000 0.000000 3.500000 0.000000 1.500000 -3.500000 0.000000 0.000000 2.000000 0.000000 0.000000 0.000000 1.000000
0.000000 0.000000 3.500000 0.000000 0.000000 3.500000 0.000000 1.500000 -3.500000 0.000000 0.000000 2.000000 0.000000 0.000000 0.000000 1.000000
0.000000 0.000000 3.500000 0.000000 0.000000 3.500000 0.000000 1.500000 -3.500000 0.000000 0.000000 2.000000 0.000000 0.000000 0.000000 1.000000
0.000000 0.000000 3.500000 0.000000 0.000000 3.500000 0.000000 1.500000 -3.500000 0.000000 0.000000 2.000000 0.000000 0.000000 0.000000 1.000000
0.000000 0.000000 3.500000 0.000000 0.000000 3.500000 0.000000 1.500000 -3.500000 0.000000 0.000000 2.000000 0.000000 0.000000 0.000000 1.000000
0.000000 0.000000 3.500000 0.000000 0.000000 3.500000 0.000000 1.500000 -3.500000 0.000000 0.000000 2.000000 0.000000 0.000000 0.000000 1.000000
0.000000 0.000000 3.500000 0.000000 0.000000 3.500000 0.000000 1.500000 -3.500000 0.000000 0.000000 2.000000 0.000000 0.000000 0.000000 1.000000
0.000000 0.000000 3.500000 0.000000 0.000000 3.500000 0.000000 1.500000 -3.500000 0.000000 0.000000 2.000000 0.000000 0.000000 0.000000 1.000000
0.000000 0.000000 3.500000 0.000000 0.000000 3.500000 0.000000 1.500000 -3.500000 0.000000 0.000000 2.000000 0.000000 0.000000 0.000000 1.000000
0.000000 0.000000 3.500000 0.000000 0.000000 3.500000 0.000000 1.500000 -3.500000 0.000000 0.000000 2.000000 0.000000 0.000000 0.000000 1.000000
0.000000 0.000000 3.500000 0.000000 0.000000 3.500000 0.000000 1.500000 -3.500000 0.000000 0.000000 2.000000 0.000000 0.000000 0.000000 1.000000
0.000000 0.000000 3.500000 0.000000 0.000000 3.500000 0.000000 1.500000 -3.500000 0.000000 0.000000 2.000000 0.000000 0.000000 0.000000 1.000000
0.000000 0.000000 3.500000 0.000000 0.000000 3.500000 0.000000 1.500000 -3.500000 0.000000 0.000000 2.000000 0.000000 0.000000 0.000000 1.000000
0.000000 0.000000 3.500000 0.000000 0.000000 3.500000 0.000000 1.500000 -3.500000 0.000000 0.000000 2.000000 0.000000 0.000000 0.000000 1.000000
0.000000 0.000000 3.500000 0.000000 0.000000 3.500000 0.000000 1.500000 -3.500000 0.000000 0.000000 2.000000 0.000000 0.000000 0.000000 1.000000
0.000000 0.000000 3.500000 0.000000 0.000000 3.500000 0.000000 1.500000 -3.500000 0.000000 0.000000 2.000000 0.000000 0.000000 0.000000 1.000000
0.000000 0.000000 3.500000 0.000000 0.000000 3.500000 0.000000 1.500000 -3.500000 0.000000 0.000000 2.000000 0.000000 0.000000 0.000000 1.000000
0.000000 0.000000 3.500000 0.000000 0.000000 3.500000 0.000000 1.500000 -3.500000 0.000000 0.000000 2.000000 0.000000 0.000000 0.000000 1.000000
0.000000 0.000000 3.500000 0.000000 0.000000 3.500000 0.000000 1.500000 -3.500000 0.000000 0.000000 2.000000 0.000000 0.000000 0.000000 1.000000
0.000000 0.000000 3.500000 0.000000 0.000000 3.500000 0.000000 1.500000 -3.500000 0.000000 0.000000 2.000000 0.000000 0.000000 0.000000 1.000000
0.000000 0.000000 3.500000 0.000000 0.000000 3.500000 0.000000 1.500000 -3.500000 0.000000 0.000000 2.000000 0.000000 0.000000 0.000000 1.000000
0.000000 0.000000 3.500000 0.000000 0.000000 3.500000 0.000000 1.500000 -3.500000 0.000000 0.000000 2.000000 0.000000 0.000000 0.000000 1.000000
0.000000 0.000000 3.500000 0.000000 0.000000 3.500000 0.000000 1.500000 -3.500000 0.000000 0.000000 2.000000 0.000000 0.000000 0.000000 1.000000
0.000000 0.000000 3.500000 0.000000 0.000000 3.500000 0.000000 1.500000 -3.500000 0.000000 0.000000 2.000000 0.000000 0.000000 0.000000 1.000000
0.000000 0.000000 3.500000 0.000000 0.000000 3.500000 0.000000 1.500000 -3.500000 0.000000 0.000000 2.000000 0.000000 0.000000 0.000000 1.000000
0.000000 0.000000 3.500000 0.000000 0.000000 3.500000 0.000000 1.500000 -3.500000 0.000000 0.000000 2.000000 0.000000 0.000000 0.000000 1.000000
0.000000 0.000000 3.500000 0.000000 0.000000 3.500000 0.000000 1.500000 -3.500000 0.000000 0.000000 2.000000 0.000000 0.000000 0.000000 1.000000
0.000000 0.000000 3.500000 0.000000 0.000000 3.500000 0.000000 1.500000 -3.500000 0.000000 0.000000 2.000000 0.000000 0.000000 0.000000 1.000000
0.000000 0.000000 3.500000 0.000000 0.000000 3.500000 0.000000 1.500000 -3.500000 0.000000 0.000000 2.000000 0.000000 0.000000 0.000000 1.000000
0.000000 0.000000 3.500000 0.000000 0.000000 3.500000 0.000000 1.500000 -3.500000 0.000000 0.000000 2.000000 0.000000 0.000000 0.000000 1.000000
0.000000 0.000000 3.500000 0.000000 0.000000 3.500000 0.000000 1.500000 -3.500000 0.000000 0.000000 2.000000 0.000000 0.000000 0.000000 1.000000
0.000000 0.000000 3.500000 0.000000 0.000000 3.500000 0.000000 1.500000 -3.500000 0.000000 0.000000 2.000000 0.000000 0.000000 0.000000 1.000000
0.000000 0.000000 3.500000 0.000000 0.000000 3.500000 0.000000 1.500000 -3.500000 0.000000 0.000000 2.000000 0.000000 0.000000 0.000000 1.000000
0.000000 0.000000 3.500000 0.000000 0.000000 3.500000 0.000000 1.500000 -3.500000 0.000000 0.000000 2.000000 0.000000 0.000000 0.000000 1.000000
0.000000 0.000000 3.500000 0.000000 0.000000 3.500000 0.000000 1.500000 -3.500000 0.000000 0.000000 2.000000 0.000000 0.000000 0.000000 1.000000
0.000000 0.000000 3.500000 0.000000 0.000000 3.500000 0.000000 1.500000 -3.500000 0.000000 0.000000 2.000000 0.000000 0.000000 0.000000 1.000000
0.000000 0.000000 3.500000 0.000000 0.000000 3.500000 0.000000 1.500000 -3.500000 0.000000 0.000000 2.000000 0.000000 0.000000 0.000000 1.000000
0.000000 0.000000 3.500000 0.000000 0.000000 3.500000 0.000000 1.500000 -3.500000 0.000000 0.000000 2.000000 0.000000 0.000000 0.000000 1.000000
0.000000 0.000000 3.500000 0.000000 0.000000 3.500000 0.000000 1.500000 -3.500000 0.000000 0.000000 2.000000 0.000000 0.000000 0.000000 1.000000
0.000000 0.000000 3.500000 0.000000 0.000000 3.500000 0.000000 1.500000 -3.500000 0.000000 0.000000 2.000000 0.000000 0.000000 0.000000 1.000000
0.000000 0.000000 3.500000 0.000000 0.000000 3.500000 0.000000 1.500000 -3.500000 0.000000 0.000000 2.000000 0.000000 0.000000 0.000000 1.000000
0.000000 0.000000 3.500000 0.000000 0.000000 3.500000 0.000000 1.500000 -3.500000 0.000000 0.000000 2.000000 0.000000 0.000000 0.000000 1.000000
0.000000 0.000000 3.500000 0.000000 0.000000 3.500000 0.000000 1.500000 -3.500000 0.000000 0.000000 2.000000 0.000000 0.000000 0.000000 1.000000
0.000000 0.000000 3.500000 0.000000 0.000000 3.500000 0.000000 1.500000 -3.500000 0.000000 0.000000 2.000000 0.000000 0.000000 0.000000 1.000000
0.000000 0.000000 3.500000 0.000000 0.000000 3.500000 0.000000 1.500000 -3.500000 0.000000 0.000000 2.000000 0.000000 0.000000 0.000000 1.000000
0.000000 0.000000 3.500000 0.000000 0.000000 3.500000 0.000000 1.500000 -3.500000 0.000000 0.000000 2.000000 0.000000 0.000000 0.000000 1.000000
0.000000 0.000000 3.500000 0.000000 0.000000 3.500000 0.000000 1.500000 -3.500000 0.000000 0.000000 2.000000 0.000000 0.000000 0.000000 1.000000
0.000000 0.000000 3.500000 0.000000 0.000000 3.500000 0.000000 1.500000 -3.500000 0.000000 0.000000 2.000000 0.000000 0.000000 0.000000 1.000000
0.000000 0.000000 3.500000 0.000000 0.000000 3.500000 0.000000 1.500000 -3.500000 0.000000 0.000000 2.000000 0.000000 0.000000 0.000000 1.000000
0.000000 0.000000 3.500000 0.000000 0.000000 3.500000 0.000000 1.500000 -3.500000 0.000000 0.000000 2.000000 0.000000 0.000000 0.000000 1.000000
0.000000 0.000000 3.500000 0.000000 0.000000 3.500000 0.000000 1.500000 -3.500000 0.000000 0.000000 2.000000 0.000000 0.000000 0.000000 1.000000
0.000000 0.000000 3.500000 0.000000 0.000000 3.500000 0.000000 1.500000 -3.500000 0.000000 0.000000 2.000000 0.000000 0.000000 0.000000 1.000000
0.000000 0.000000 3.500000 0.000000 0.000000 3.500000 0.000000 1.500000 -3.500000 0.000000 0.000000 2.000000 0.000000 0.000000 0.000000 1.000000
0.000000 0.000000 3.500000 0.000000 0.000000 3.500000 0.000000 1.500000 -3.500000 0.000000 0.000000 2.000000 0.000000 0.000000 0.000000 1.000000
0.000000 0.000000 3.500000 0.000000 0.000000 3.500000 0.000000 1.500000 -3.500000 0.000000 0.000000 2.000000 0.000000 0.000000 0.000000 1.000000
0.000000 0.000000 3.500000 0.000000 0.000000 3.500000 0.000000 1.500000 -3.500000 0.000000 0.000000 2.000000 0.000000 0.000000 0.000000 1.000000
0.000000 0.000000 3.500000 0.000000 0.000000 3.500000 0.000000 1.500000 -3.500000 0.000000 0.000000 2.000000 0.000000 0.000000 0.000000 1.000000
0.000000 0.000000 3.500000 0.000000 0.000000 3.500000 0.000000 1.500000 -3.500000 0.000000 0.000000 2.000000 0.000000 0.000000 0.000000 1.000000
0.000000 0.000000 3.500000 0.000000 0.000000 3.500000 0.000000 1.500000 -3.500000 0.000000 0.000000 2.000000 0.000000 0.000000 0.000000 1.000000
0.000000 0.000000 3.500000 0.000000 0.000000 3.500000 0.000000 1.500000 -3.500000 0.000000 0.000000 2.000000 0.000000 0.000000 0.000000 1.000000
0.000000 0.000000 3.500000 0.000000 0.000000 3.500000 0.000000 1.500000 -3.500000 0.000000 0.000000 2.000000 0.000000 0.000000 0.000000 1.000000
0.000000 0.000000 3.500000 0.000000 0.000000 3.500000 0.000000 1.500000 -3.500000 0.000000 0.000000 2.000000 0.000000 0.000000 0.000000 1.000000
0.000000 0.000000 3.500000 0.000000 0.000000 3.500000 0.000000 1.500000 -3.500000 0.000000 0.000000 2.000000 0.000000 0.000000 0.000000 1.000000
0.000000 0.000000 3.500000 0.000000 0.000000 3.500000 0.000000 1.500000 -3.500000 0.000000 0.000000 2.000000 0.000000 0.000000 0.000000 1.000000
0.000000 0.000000 3.500000 0.000000 0.000000 3.500000 0.000000 1.500000 -3.500000 0.000000 0.000000 2.000000 0.000000 0.000000 0.000000 1.000000
0.000000 0.000000 3.500000 0.000000 0.000000 3.500000 0.000000 1.500000 -3.500000 0.000000 0.000000 2.000000 0.000000 0.000000 0.000000 1.000000
0.000000 0.000000 3.500000 0.000000 0.000000 3.500000 0.000000 1.500000 -3.500000 0.000000 0.000000 2.000000 0.000000 0.000000 0.000000 1.000000
0.000000 0.000000 3.500000 0.000000 0.000000 3.500000 0.000000 1.500000 -3.500000 0.000000 0.000000 2.000000 0.000000 0.000000 0.000000 1.000000
0.000000 0.000000 3.500000 0.000000 0.000000 3.500000 0.000000 1.500000 -3.500000 0.000000 0.000000 2.000000 0.000000 0.000000 0.000000 1.000000
0.000000 0.000000 3.500000 0.000000 0.000000 3.500000 0.000000 1.500000 -3.500000 0.000000 0.000000 2.000000 0.000000 0.000000 0.000000 1.000000</float_array>
          <technique_common>
            <accessor source="#pCube22-Matrix-animation-output-transform-array" count="92" stride="16">
              <param type="float4x4"/>
            </accessor>
          </technique_common>
        </source>
        <source id="pCube22-Interpolations">
          <Name_array id="pCube22-Interpolations-array" count="92">
 LINEAR LINEAR LINEAR LINEAR LINEAR LINEAR LINEAR LINEAR LINEAR LINEAR LINEAR
LINEAR LINEAR LINEAR LINEAR LINEAR LINEAR LINEAR LINEAR LINEAR LINEAR LINEAR LINEAR
LINEAR LINEAR LINEAR LINEAR LINEAR LINEAR LINEAR LINEAR LINEAR LINEAR LINEAR LINEAR
LINEAR LINEAR LINEAR LINEAR LINEAR LINEAR LINEAR LINEAR LINEAR LINEAR LINEAR LINEAR
LINEAR LINEAR LINEAR LINEAR LINEAR LINEAR LINEAR LINEAR LINEAR LINEAR LINEAR LINEAR
LINEAR LINEAR LINEAR LINEAR LINEAR LINEAR LINEAR LINEAR LINEAR LINEAR LINEAR LINEAR
LINEAR LINEAR LINEAR LINEAR LINEAR LINEAR LINEAR LINEAR LINEAR LINEAR LINEAR LINEAR
LINEAR LINEAR LINEAR LINEAR LINEAR LINEAR LINEAR LINEAR LINEAR</Name_array>
          <technique_common>
            <accessor source="#pCube22-Interpolations-array" count="92">
              <param type="name"/>
            </accessor>
          </technique_common>
        </source>
        <sampler id="pCube22-Matrix-animation-transform">
          <input semantic="INPUT" source="#pCube22-Matrix-animation-input"/>
          <input semantic="OUTPUT" source="#pCube22-Matrix-animation-output-transform"/>
          <input semantic="INTERPOLATION" source="#pCube22-Interpolations"/>
        </sampler>
        <channel source="#pCube22-Matrix-animation-transform" target="pCube22/matrix"/>
      </animation>
    </animation>
    <animation id="joint14-anim" name="joint14">
      <animation>
        <source id="joint14-Matrix-animation-input">
          <float_array id="joint14-Matrix-animation-input-array" count="105">

0.033333 0.066667 0.100000 0.133333 0.166667 0.200000 0.233333 0.266667 0.300000 0.333333 0.366667 0.400000 0.433333 0.466667 0.500000 0.533333
0.566667 0.600000 0.633333 0.666667 0.700000 0.733333 0.766667 0.800000 0.833333 0.866667 0.900000 0.933333 0.966667 1.000000 1.033333 1.066667
1.100000 1.133333 1.166667 1.200000 1.233333 1.266667 1.300000 1.333333 1.366667 1.400000 1.433333 1.466667 1.500000 1.533333 1.566667 1.600000
1.633333 1.666667 1.700000 1.733333 1.766667 1.800000 1.833333 1.866667 1.900000 1.933333 1.966667 2.000000 2.033333 2.066667 2.100000 2.133333
2.166667 2.200000 2.233333 2.266667 2.300000 2.333333 2.366667 2.400000 2.433333 2.466667 2.500000 2.533333 2.566667 2.600000 2.633333 2.666667
2.700000 2.733333 2.766667 2.800000 2.833333 2.866667 2.900000 2.933333 2.966667 3.000000 3.033333 3.066667 3.100000 3.133333 3.166667 3.200000
3.233333 3.266667 3.300000 3.333333 3.366667 3.400000 3.433333 3.466667 3.500000</float_array>
          <technique_common>
            <accessor source="#joint14-Matrix-animation-input-array" count="105">
              <param name="TIME" type="float"/>
            </accessor>
          </technique_common>
        </source>
        <source id="joint14-Matrix-animation-output-transform">
          <float_array id="joint14-Matrix-animation-output-transform-array" count="1680">

1.000000 0.000000 0.000000 0.002000 0.000000 0.999957 0.009261 2.452000 0.000000 -0.009261 0.999957 3.676000 0.000000 0.000000 0.000000 1.000000
1.000000 0.000000 0.000000 0.002000 0.000000 0.999964 0.008508 2.452000 0.000000 -0.008508 0.999964 3.676000 0.000000 0.000000 0.000000 1.000000
1.000000 0.000000 0.000000 0.002000 0.000000 0.999989 0.004663 2.452000 0.000000 -0.004663 0.999989 3.676000 0.000000 0.000000 0.000000 1.000000
1.000000 0.000000 0.000000 0.002000 0.000000 0.999989 -0.004650 2.452000 0.000000 0.004650 0.999989 3.676000 0.000000 0.000000 0.000000 1.000000
1.000000 0.000000 0.000000 0.002000 0.000000 0.999762 -0.021804 2.452000 0.000000 0.021804 0.999762 3.676000 0.000000 0.000000 0.000000 1.000000
1.000000 0.000000 0.000000 0.002000 0.000000 0.998986 -0.045013 2.452000 0.000000 0.045013 0.998986 3.676000 0.000000 0.000000 0.000000 1.000000
1.000000 0.000000 0.000000 0.002000 0.000000 0.997419 -0.071798 2.452000 0.000000 0.071798 0.997419 3.676000 0.000000 0.000000 0.000000 1.000000
1.000000 0.000000 0.000000 0.002000 0.000000 0.994633 -0.103470 2.452000 0.000000 0.103470 0.994633 3.676000 0.000000 0.000000 0.000000 1.000000
1.000000 0.000000 0.000000 0.002000 0.000000 0.989967 -0.141300 2.452000 0.000000 0.141300 0.989967 3.676000 0.000000 0.000000 0.000000 1.000000
1.000000 0.000000 0.000000 0.002000 0.000000 0.982460 -0.186473 2.452000 0.000000 0.186473 0.982460 3.676000 0.000000 0.000000 0.000000 1.000000
1.000000 0.000000 0.000000 0.002000 0.000000 0.971093 -0.238702 2.452000 0.000000 0.238702 0.971093 3.676000 0.000000 0.000000 0.000000 1.000000
1.000000 0.000000 0.000000 0.002000 0.000000 0.954968 -0.296708 2.452000 0.000000 0.296708 0.954968 3.676000 0.000000 0.000000 0.000000 1.000000
1.000000 0.000000 0.000000 0.002000 0.000000 0.932962 -0.359974 2.452000 0.000000 0.359974 0.932962 3.676000 0.000000 0.000000 0.000000 1.000000
1.000000 0.000000 0.000000 0.002000 0.000000 0.903878 -0.427791 2.452000 0.000000 0.427791 0.903878 3.676000 0.000000 0.000000 0.000000 1.000000
1.000000 0.000000 0.000000 0.002000 0.000000 0.866480 -0.499212 2.452000 0.000000 0.499212 0.866480 3.676000 0.000000 0.000000 0.000000 1.000000
1.000000 0.000000 0.000000 0.002000 0.000000 0.808573 -0.588396 2.452000 0.000000 0.588396 0.808573 3.676000 0.000000 0.000000 0.000000 1.000000
1.000000 0.000000 0.000000 0.002000 0.000000 0.724022 -0.689777 2.452000 0.000000 0.689777 0.724022 3.676000 0.000000 0.000000 0.000000 1.000000
1.000000 0.000000 0.000000 0.002000 0.000000 0.628904 -0.777483 2.452000 0.000000 0.777483 0.628904 3.676000 0.000000 0.000000 0.000000 1.000000
1.000000 0.000000 0.000000 0.002000 0.000000 0.549414 -0.835551 2.452000 0.000000 0.835551 0.549414 3.676000 0.000000 0.000000 0.000000 1.000000
1.000000 0.000000 0.000000 0.002000 0.000000 0.516308 -0.856403 2.452000 0.000000 0.856403 0.516308 3.676000 0.000000 0.000000 0.000000 1.000000
1.000000 0.000000 0.000000 0.002000 0.000000 0.528797 -0.848748 2.452000 0.000000 0.848748 0.528797 3.676000 0.000000 0.000000 0.000000 1.000000
1.000000 0.000000 0.000000 0.002000 0.000000 0.558118 -0.829762 2.452000 0.000000 0.829762 0.558118 3.676000 0.000000 0.000000 0.000000 1.000000
1.000000 0.000000 0.000000 0.002000 0.000000 0.592218 -0.805777 2.452000 0.000000 0.805777 0.592218 3.676000 0.000000 0.000000 0.000000 1.000000
1.000000 0.000000 0.000000 0.002000 0.000000 0.619999 -0.784602 2.452000 0.000000 0.784602 0.619999 3.676000 0.000000 0.000000 0.000000 1.000000
1.000000 0.000000 0.000000 0.002000 0.000000 0.631426 -0.775436 2.452000 0.000000 0.775436 0.631426 3.676000 0.000000 0.000000 0.000000 1.000000
1.000000 0.000000 0.000000 0.002000 0.000000 0.616794 -0.787125 2.452000 0.000000 0.787125 0.616794 3.676000 0.000000 0.000000 0.000000 1.000000
1.000000 0.000000 0.000000 0.002000 0.000000 0.581039 -0.813876 2.452000 0.000000 0.813876 0.581039 3.676000 0.000000 0.000000 0.000000 1.000000
1.000000 0.000000 0.000000 0.002000 0.000000 0.536853 -0.843676 2.452000 0.000000 0.843676 0.536853 3.676000 0.000000 0.000000 0.000000 1.000000
1.000000 0.000000 0.000000 0.002000 0.000000 0.498653 -0.866802 2.452000 0.000000 0.866802 0.498653 3.676000 0.000000 0.000000 0.000000 1.000000
1.000000 0.000000 0.000000 0.002000 0.000000 0.482333 -0.875988 2.452000 0.000000 0.875988 0.482333 3.676000 0.000000 0.000000 0.000000 1.000000
1.000000 0.000000 0.000000 0.002000 0.000000 0.495391 -0.868670 2.452000 0.000000 0.868670 0.495391 3.676000 0.000000 0.000000 0.000000 1.000000
1.000000 0.000000 0.000000 0.002000 0.000000 0.526077 -0.850437 2.452000 0.000000 0.850437 0.526077 3.676000 0.000000 0.000000 0.000000 1.000000
1.000000 0.000000 0.000000 0.002000 0.000000 0.561821 -0.827259 2.452000 0.000000 0.827259 0.561821 3.676000 0.000000 0.000000 0.000000 1.000000
1.000000 0.000000 0.000000 0.002000 0.000000 0.590987 -0.806681 2.452000 0.000000 0.806681 0.590987 3.676000 0.000000 0.000000 0.000000 1.000000
1.000000 0.000000 0.000000 0.002000 0.000000 0.602996 -0.797744 2.452000 0.000000 0.797744 0.602996 3.676000 0.000000 0.000000 0.000000 1.000000
1.000000 0.000000 0.000000 0.002000 0.000000 0.588249 -0.808680 2.452000 0.000000 0.808680 0.588249 3.676000 0.000000 0.000000 0.000000 1.000000
1.000000 0.000000 0.000000 0.002000 0.000000 0.550320 -0.834954 2.452000 0.000000 0.834954 0.550320 3.676000 0.000000 0.000000 0.000000 1.000000
1.000000 0.000000 0.000000 0.002000 0.000000 0.498797 -0.866719 2.452000 0.000000 0.866719 0.498797 3.676000 0.000000 0.000000 0.000000 1.000000
1.000000 0.000000 0.000000 0.002000 0.000000 0.444555 -0.895752 2.452000 0.000000 0.895752 0.444555 3.676000 0.000000 0.000000 0.000000 1.000000
1.000000 0.000000 0.000000 0.002000 0.000000 0.400024 -0.916504 2.452000 0.000000 0.916504 0.400024 3.676000 0.000000 0.000000 0.000000 1.000000
